$ANSIBLE_VAULT;1.1;AES256
64323436363466656166313533646331653166386237613765616631323131386132306337663832
6461393861303035393262643634633532616662336366640a353736303664383934613765386338
64656364363639336464633664333561653239323564333838383038333361323661343262363864
3033323161623937360a326166636234336637356461653133646662616233656132373462646238
35356435386335643765646532366339663563346232643466633165633737343762363035303036
36656434623464373831353161656134346561386234613765646166333661346533643832373537
63306533316432393162383133396333343134623561643266613062313834383262383538353631
62613335663034363166353935316662383261636463323038366263376535396463656232303363
61363831363663386537346464396235653864646631306633626336376137303638353862633235
66653233666561643765323963333536376438623365613263663831366266386539363864623035
61316434303838393438656561333439653530343430336565326365656230323335616531333061
63366331396564656534626262396362306136623535383038633862363864366334383565383862
31626265646232313433396534356439303962313134626535303333346662373265373830366330
30303331323361633362353161353230346531393165343132346565323634656431633531613932
35306431353763303863353564316435616665333865313534663536373036343139336366326266
64636532616630323333643532336334646532396262663563343262623964653563363331346337
64653536383165656231616161373338633638386636386536343134303434316430353934626661
64663766656631636338376134623062353066366330356638636363643831313839663032376637
33343363373339653538313136353335613263333561376332653837343262366536666262666633
65356536656139616564303835636231653736376139323539323431633239646162643165353831
35363561326564356664666234643036303939343862393462336136363731623463343736363363
30623636343261303766313166313434313930383730326534366135383262666536316434363662
32383363663666386361356166303761636662636466326336336364653033363331616530376236
35326235306139386237323539363331393466333562363332626130663562386331383363386535
38623833383366623932313835396532623939613862633833323763333330626165343131353065
36613134306462386236613237383835373530636661643930316336373664343866623462663633
65373134633931323432396230633434383733636338613864393433376134666335663065326536
64653162383230353137663138303131303635313264303632663439613436386363653233336335
62666134636362613939303232396334383439373935646334653035313637613138303762326161
63303761303835376133653165613264373363346466383731383061316438626561333636613561
38316239376535383131663261393238656136663466393534363338383935373134373363363633
64363037303264613462346632336566373861653835383961643831623733643462656636656262
32643866376332343235336562386666373066656564633066353039343530643834616536383466
34626562653963653763643064313739373162623438613164633731343364616264396337663362
36373132356265356232383536326439643431626437316466303665613736313663663632303362
37303333373934316130333065633334343465316532343437343535636533646431373638656231
37316166646339396439646439333966386265653562666363656236316564623131353138303565
34303035336366623937386430313637653330353734313239356530626537333330363461653662
65363661303133663234636466323962353039646632306565326438313336343532356139663566
32633638303337643163656336336238366266343639653636323963383164336562303863306237
37363336303363643930316366393138643164333664613236366661393537366538383934646134
34636362663430316638353264383635303762633134396330633562623663383633643731623261
39346430383333383430366162353865343730313665363664343861633338666166623863363539
62383637646462626636366234353330666334306438326234616261616663383236313737376136
64653832356538323630313163356234633262316539323332333539363762316338353666363737
62393265366630663162336461313464653562363263346362623034333266313239623339346563
64383966313235356162373238383933663466393235363134643664306364356539316132643938
36313239373864386564313235643437633164333532623332616136666634316365303236336139
61633664626430386235336464373637306266366561303630323362343837626264376436336366
65313436383139333237363534313232363666643830333634643935626230636363383130653966
65636135333739616262323636323935363837343437643532313762653962303236663666333438
66613861383062303033393066343863346561373135316139393333323033313037386364393765
66366136343138656333613062323037623331646239636463616666303761373462653834303466
36303665633831373439383865646639366537326335366631373136633063356464386439613634
39336163653332303931636337393839643330653164353133646330616264386365393062666636
33663236363664313631663434303866343162666364326136353034653665386333643065323563
37353566323139386565613234386535326161366536363863653964626433643637653365323235
39326539646164366630393462366337333732616562633133653566653066663135333337343338
34366437636634626361326234333836393433376138353361366237636239353866643330376165
61663031613332623733333166393462303039376664356535613132343031343731646538376133
34636130636362343966336331323538616362663835333462653765663334626265363932616330
61333730633834326264353062663466323031616138363862326339623833346664613533356363
65633133383136663632653434633137663663393734346434623733373133306363353961626462
65393834336566386563623732656262343435336638363134373062396433316636386133336232
39316534623366646237346536393035666532663537383264666538303563353330663931373265
32643161326233373831623064653237396137636264313864306537333434366231376262666437
62653363656538303961376361616333373863623932303138373566633965353665656564333734
62383765313839623633623633313431343533636639613232633231383731373866613836666465
61323936613862366632663435323639363635366365653062616132363438373161313331623630
38633331623035343461343331333135393131383833303364383438643332303431356661386433
61303733383539316630393264323335663939306431303964373564326638303833343836653036
66666631366662313835373036326163376530313462626664613234333137646338306564356433
33353532623339666163626664396463353434623364306632643436656461393830396131346333
32386564376339653861393464333165633830346534653065623933633263623666663238663163
66643164623032643535656230366534303261646139363737333332303935313038353333376233
31323837363730386231373233613430383730353762336133653736306634343963326439653430
62383939643165663966316532356233613734336463303339353637373631356161656335323566
62313934386266623364616239306639323261643331383438666533396466386165303732643931
35623239636439663631303237623834326536633430333832313830356365306539653432326537
37336332656439353939656136363330653734623264626161613666653665393239333133333734
65333264643736656632323164383061333734336566623562343031663831386130653934613064
33646634663664316230653132316461326330363962313132383362313334646130333233346136
65623536383938303061646639316231363332633232313231323763643461356233383336346334
31383630653939376239343438613136363734613236393562393661386135396630626465663136
34306636316163316233326435343736313862326633646262633465323338356232313531386430
33306366383066383362393266393832333730386333343830323233613564383762373664353065
36343664366265646563623866306531376233623430613533363463626631363334613362373538
37623162356366633439306161626362613933653962323336333865373333303734363063666532
38356433646231313865376632326138626436623633333735393261613737383664333531383737
61303363346163636337323531373365396631663933633466306335323165636663373239343761
38346366386639306564646564336362396364356234633335393534616334383632653164343432
62393432376261346561633266306131313739316265663032613235656534663565643861616462
62313364366462323436363233376630646565323938386234306239656636613161383337373863
61643362393039636130363339303437353565653466663830636533373033373838363938643731
61356333336565633534386233396566376532363765636236633562663261306635653930316261
35353532333537653834343462613265323439366131333231656530376264353133626666633134
39623835383435633830326262343465346465653835316434613961373164366435383636306130
38386364623737336533366336343964323339636430323131653633393339613033626461353332
33643934366138336538333734373262343062303562336466323532663464373439633736363037
32613036633266326334323433373166343532633938333534316132303634333138333962366133
38633262303138636537633334636232303932333330343733386432396164636162656236356231
32663830376237396263333130333661326338663839613237323966376333386338346564343438
31613461303735663164633432633935633637643635323934393235613661623030663464326535
63363936636530383233653665353539613262363234396630383832646237626534303866646237
32636261333063383738623335373134626333366166663963336532313961353136343137383163
61333833633938663937663134616639656534643933653765353131633861343062363565396331
33353065323031366466636266636565666332373465356662636239333666623736393532343538
33636330656366633635613935356162396537613164383233346537633132643636643830643636
33366432353338366563373463663633643931613435643837313039383134383061346439396162
31363366643964653538303737616332353638336463313163343466656135353465313534366637
64353336363030323633313835653233613634386661366162316137393636616236396334353261
66623766326432633933323539663735336539316463383266633338386234663233353666313961
63343233363233633466303237313338343937663138623766646230646662383630396466623566
32346263653064393561316565626238666333373366363839313037633630393537663532636138
62313433656261636230363033316535643361313939666261393632303633393066303535633664
38656363343939353234383262623164656438616433623339636233363032313263376263346230
35356638646362323638396634613132663232636638326362396635653234383837353564623938
63363264666236323062626339666466626562636435326633306263386635303730306131613337
39613632656139353864356336663465353235313832653361623334333263633864326332313865
36613561316162623238373736656561396664623537303538316234663434613132353031373933
30626434333336353438373730646238353364643861326665336166656662376161666233326562
65366135353238613339646531303837613339396363623230363531623730346633353365633464
37616136636134356566663332303937386462623465313932363830326438613835353864613335
38323433653932376364663433333638326666663234323133333531346663626162656630386530
66616266376536313134333864363737346431316131636430663762326231373530363661633236
35363530343065376663643832323761383361366466643238623736373931353631636462306639
32393735346136663935616232666437613730373662623065306133363431353134363461373561
31396233373133333234373238663266323861396334386564376639623261356437303262336239
63363037636532336562633937323563343130333238666237353032343938663961623761653839
64626338633931336632633962303965633866393731656536376362663464666330353430393538
34646661323532623238613231396532333835383532333134636365323733633033323561323534
65643862376266373463633035633636316464303730346433663764306634353333623862623466
39346663356434333837663465376136356661343035663031316134653133366463313966663364
32386233653762393034316335343866626336616162663861646539313830653564326139323932
36383132616464636137336266636330396264396632663339613339366264633435333835666362
34656239343165303137646565363965663165383937663135363930653637643765303035313265
38313964653037626462333263303466363236636437326566663131313538613230373638333534
37373236323163666130633666366333353736343563623532623861656231323762346436383839
34303538356337333032666664653434626162616333303431636662333766383337373162653863
32346362313134353566316539316464613061656366353339656139346566333133303235303963
37633663393931366534373835323337393665643734343334386436656161333932386261363966
32396236393562356665396138383531663138393932623632373038626662666463326435383832
37343835323039613635346134623834333236616530333735383562613265623530353634356333
35653032303733376434663635353631396430646139393836353737653635373432343065633434
32376530326130633834363134646536313736626636383038386261393036343837313563326661
39323265316462363432666164323536396162656238316432393732363831613638313533363636
61393431636337626132356234613831646139613035313664356336623938663762313730663134
30326465323238353835333038346130323062303035306239346131623936616637363130316563
61646662646234613261663533363238613766633330616336616331646332653263636637373265
63663662313133313764306166613332643863613561633131353838396236636364353165643164
39303234363339353463383166643636393265303530653865636263333737326262376231393534
35656264383236396562653839333934666665643433363330376431366262616137643534393465
37656431343635323461653662373137656666643064633530353163396265363463336432306132
33383034663833313931333232376434366462376630336530346635306638616531323635323438
32663630623534346332316532373636303238376235316435653263393037666330383830613434
66303034373934363036383030643762633230633036336636653533643737303663353133323837
32313463336431626663323765633063323962363464333062376537363562303766616435313462
61343866666432386561363464363339363861326635313465383139306633313937376230636437
39666664303737623364643463623338343733636535323532613531333462383436653632663731
62623637623636623066333262306230626431303935613666643436366538396432653762393661
61343662376435373863306236643764633531643536626562343333633335376563613238336263
35366636616331633632373064303863653062666562303266373933303666613338346237316233
37633033623039616535656637366337633737323362363230363132396232653631643638616636
38613836336131326162366637356334653431633139353239626338656633353036366466643965
30323336613236346261336562663539383737663439303065366361353231366134363633666133
36633963353634366631303439366435323638373930383865393731376137656566386239383263
34306266613664666139656239663665323432366364376361336435353464383638613733303437
30326134393639383263323935353535383336623039663330346363303435346565396431643566
61646537383936363261363266623566666531613636643134373836386333333237303465626531
62643237313632663832623131323939336530373539356637346433333063643961353764356466
36343962336362613863306561356431373033363538356237613866333838623335303637353830
61393634373632316335643830623936326164626463303766653962636463633733653734306139
30653331383162653161366634383139666635623062303839666162386533633133346134386563
65343937336365386530393630383238303937313731386231343139626433363937313462666534
38373163366631326561383430373837326662346131306331343839323766616366353031623831
62313635303234356536
