$ANSIBLE_VAULT;1.1;AES256
36626236346633613166333363346662303433653563393363303965313437363434363439333636
3933326639616634633161663639343039653764376439300a393666353930336332366334346366
66353234343763316331616261653632343363313563333238346462366631613630613362643762
6534363261336533320a646333363638393737613738633933353237653162323132363639393866
65373534373230383430356666633731323539306664636633643537373431326466663461386537
64643464643764656335643333633838366265363263376635366436623566636230373665336533
63363934666635323831323431393137346639393666343035316339393264333130333461363535
37623364313333663431316331383733323632396461666362343961343265323732623733323836
37373534386137633435326333393630366537643233653934303035616566323732656638393530
65666336373930653261643039353461646465663531623464353834303235613935396365333234
36656333663365383361343538316231326438313337383863373561356331343734623937613034
34323739616162366236313834663161393433383264623237643532666339373930313633633066
63666339333734333362376233623234616462333233656264663439353133663761316130633665
65366134326362373237303965653838376366626437323065656337316339336365636538346239
63663431313263633531636466373333323138323064383338653131663462323436633262343930
36383631663965396130
