$ANSIBLE_VAULT;1.1;AES256
30303530396566306562666337326638353265386364313533616534643561396665386134626339
3765313439343864393164353036373737613566383938370a303836353761353561356466343061
63613663666161633230323963366236663934623434353133373365376635666561316635356563
3230643362613335640a643433643364346166373663353831633335343631383963636630353261
34623765383766336233396537383563663038343336363961373934393264376330666634383762
64323565346132656363393135383834306330386433613466306338663861313538343464313861
33373238333533643738336333376662623436666265323635346266363965633734393365323934
37396463353337316666643461323333636435316132323930303066663938306164333735353566
34653030666665346164393964303366323335373934643136613161316363303931613335323530
65366265663533333735376665653539373165623438623364623765376132653666633432373763
39323039343837323339363335303463376638626165386438313864653534393965383931623634
30333938636334666232353534373135366638363534363165656332663466653261386265623166
61393164623039343064363231356332623134616331346239356563383636373138656165313632
63653461366430333230636236376266366262313233356432623732396462346537303666333435
30623962646232656262656365383735303239323233333137313265373361343365633762316430
30396632363665653739643631383932366263373534616537626335373864363064646136303464
65363834333339663666376238323937306335333037373339383635633234323834326561616662
33366337343161643561623266666261336438646164306631646639653333616635356165346532
38663933636263613832303035353664316561353435376161393333643965336562366362613335
62353661623238393438363236656664363236613265616163313465333866666337663835346239
31383833303033383564313064386438303532393961343432303564323037373438376538633439
65383466366134616436623839623635363639393166383733333766343834613464343631633763
303365313463353864386166333136383061
